Na = 6.02214076e23 ; %avogadro's number
k_B = 1.38064852e-23 ; %boltzman constant J/K
eps_0 = 8.854187e-12 ; %J/(C^2*m)
e = 1.602176634e-19 ; %C